1 10
100 200
201 210
900 1000
1 999999
1 1
10 1
200 100
210 201
1000 900
999999 1
57531 88198
25786 89434
111448 80015
29418 66943
19209 47970
11361 8937
19362 3216
71429 13434
73301 102542
1331 27761
83864 42769
25349 50419
64356 6217
32365 100264
5548 99463
17515 15570
74280 109173
57495 24838
75806 86913
44272 95014
87374 55632
56442 106735
11339 80363
72661 84639
22015 73991
64892 105878
69252 90240
42916 20226
48948 27772
7108 6987
13853 24622
22557 88132
86287 32543
65461 48711
71947 109732
96217 111813
4474 39277
105166 15813
72131 16937
52943 94146
43420 70326
86642 112671
47184 82049
85388 96132
109820 92495
103118 10292
69608 78166
50915 42513
63201 2995
43716 21766
65218 92424
20197 69692
84192 77855
37996 42942
47283 43430
23706 43194
375 62839
108356 50
31507 80362
48673 27945
11967 104283
104109 81575
69067 41643
76579 84759
110510 72786
59017 14838
51828 31705
37021 22639
62051 75016
18072 109334
70938 41777
105019 71312
57107 99994
71361 88613
66974 6653
69050 78941
63427 12269
113007 84985
6403 28696
56363 3531
101482 1998
84242 105801
33702 7881
15058 48245
82897 99002
44197 106326
93270 35834
64256 36996
88319 88108
12227 41912
47252 33768
73344 110678
46037 25461
82282 52439
54156 25263
8462 42256
93133 92703
100549 79326
100583 2225
14189 22590